  69.036499  22.288799
  69.765999  23.921801
  69.963203  22.347000
  70.164703  23.193800
  70.168297  23.329300
  70.248100  23.292700
  70.311699  23.399799
  70.343498  23.513001
  70.372704  23.867201
  70.430496  23.425200
  70.450302  23.277300
  70.487801  23.606300
  70.570999  23.475300
  70.599800  23.384199
  70.686699  23.742201
  70.723503  21.355000
  70.763802  22.356800
  70.803001  23.872299
  70.892700  22.838800
  70.926498  20.977501
  71.245697  21.306299
  71.584801  22.731701
  71.617203  23.819799
  71.996498  21.693500
  72.293999  24.386299
  73.044800  20.216999
  73.134201  22.306000
  73.583801  21.219801
  73.705704  21.878000
  73.853798  23.287001
